Mean power (not compensated)(acquisition):
2.339700140639708437e+01,2.367588824058027086e+01,2.383802420633534425e+01,2.386127366454750387e+01,2.426409300042458383e+01,2.392048047753001683e+01,2.406542158708077750e+01,2.416254137667191060e+01,2.407263362513455718e+01,2.407914658224478188e+01,2.413490435764156317e+01,2.415426323948744169e+01,2.409762920376116924e+01,2.416302672551238828e+01,2.424740075441830101e+01
2.555840809375259681e+01,2.532908066993337570e+01,2.476677935320387292e+01,2.463516642492562525e+01,2.445016043987818222e+01,2.404403778726407026e+01,2.416769487595069776e+01,2.426603272678014989e+01,2.441608306507135850e+01,2.432738989496538906e+01,2.427818141988542067e+01,2.422152470534288682e+01,2.421273970541429676e+01,2.412170151397826245e+01,2.409228180425580135e+01

Mean power (compensated)(acquisition):
4.599822633585837650e+01,3.603701061429764252e+01,5.479309759763266641e+01,5.366830404903190299e+01,4.899129434012387918e+01,4.837202406344704997e+01,4.141468818705453714e+01,4.058912661713830516e+01,4.105997044106991467e+01,4.071759946787982187e+01,4.102138410523643586e+01,4.206190355360540423e+01,4.035777553224494341e+01,3.867178084446813813e+01,3.890118194724650635e+01
4.865340221176391111e+01,3.280343367169134439e+01,3.195708774156647891e+01,3.755569753399409905e+01,3.724625203688894715e+01,3.329084047733370255e+01,3.601327859680118593e+01,3.742131714068101900e+01,3.872026472400381181e+01,3.962716284140755363e+01,3.829199890110975701e+01,3.855202929791109767e+01,3.900846334041293773e+01,3.915725937755415487e+01,3.892078339447534319e+01

Mean power (corrected):
5.370365620687159236e+01,5.013994776737860803e+01,6.117988725765800950e+01,5.030783106189022647e+01,5.718842273949700683e+01,4.984446660342450031e+01,5.211953515277976834e+01,4.995828726383732743e+01,4.604808795699522506e+01,4.285834024788166374e+01,3.709241129986561702e+01,3.920469903326313243e+01,3.795268720799843010e+01,4.025877673428540504e+01,3.920306664726801671e+01
4.044820076696651512e+01,4.245291430766720708e+01,3.118455468514484963e+01,4.290638946913719565e+01,4.232356133913234686e+01,3.671099618842321632e+01,3.416398888556418711e+01,3.762970925495785934e+01,3.432264805273275243e+01,3.887424662031119738e+01,3.862090165288727661e+01,4.028828655029386141e+01,4.083992928655095511e+01,4.050117324087114667e+01,3.923237508465503964e+01

Final results for non-compensated power:
Mean power for non-compensated: [47.32581427 34.42022214 43.37509267 45.61200079 43.11877319 40.83143227
 38.71398339 39.00522188 39.89011758 40.17238115 39.6566915  40.30696643
 39.68311944 38.91452011 38.91098267]
Std of power for non-compensated: [1.32758794e+00 1.61678847e+00 1.14180049e+01 8.05630326e+00
 5.87252115e+00 7.54059179e+00 2.70070480e+00 1.58390474e+00
 1.16985286e+00 5.45218313e-01 1.36469260e+00 1.75493713e+00
 6.74656096e-01 2.42739267e-01 9.80072361e-03]

Final results for compensated power:
Mean power for compensated: [24.47770475 24.50248446 24.30240178 24.24822004 24.35712672 23.98225913
 24.11655823 24.21428705 24.24435835 24.20326824 24.20654289 24.18789397
 24.15518445 24.14236412 24.16984128]
Std of power for compensated: [1.08070334 0.82659621 0.46437757 0.38694638 0.09303372 0.06177865
 0.05113664 0.05174568 0.17172472 0.12412166 0.07163853 0.03363073
 0.05755525 0.02066261 0.07755948]

Final results for corrected power:
Mean power for corrected: [47.07592849 46.29643104 46.18222097 46.60711027 49.75599204 43.2777314
 43.14176202 43.79399826 40.185368   40.86629343 37.85665648 39.74649279
 39.39630825 40.37997499 39.21772087]
Std of power for corrected: [6.62772772e+00 3.84351673e+00 1.49976663e+01 3.70072080e+00
 7.43243070e+00 6.56673521e+00 8.97777313e+00 6.16428900e+00
 5.86271995e+00 1.99204681e+00 7.64245177e-01 5.41793759e-01
 1.44362104e+00 1.21198253e-01 1.46542187e-02]
