Mean power (not compensated)(acquisition cycle number in the columns and montecarlo iteration rows):
19.644009 21.681783 19.309600 20.130000 22.967120 21.041040 21.447840 21.855880 21.026648 21.730960 21.116640 21.384176
20.253598 19.345375 17.450933 23.533000 21.593360 19.408241 21.510987 22.026800 21.250408 22.190293 20.211840 20.075488
20.119198 24.847283 22.088533 21.304600 18.375841 20.989120 20.687735 20.539400 20.744616 21.480347 20.640180 20.499344
19.793600 20.842536 19.922400 22.342000 23.365678 21.629762 21.198722 22.056120 21.008088 21.396613 21.098240 20.805056
21.261597 17.973586 21.794933 19.263400 22.415680 20.407920 21.676748 21.345122 20.423664 22.129547 20.638960 20.789680
18.962392 16.331259 20.975733 21.005200 21.290398 21.077922 21.381040 21.095160 21.842608 20.695893 20.313880 21.392512
26.787997 18.668047 19.015467 23.382400 20.652239 21.078560 19.771892 22.041080 21.396144 20.328400 21.000900 21.174432
19.224011 20.826744 22.250400 19.481800 20.906558 20.745919 21.706160 21.278160 20.492096 20.343333 21.341760 20.379712
24.244000 19.869933 25.931200 21.657800 18.825041 21.462880 19.455787 20.355279 20.991416 21.007120 20.717460 20.078160
17.029589 23.059183 23.741867 19.251000 23.643040 20.544079 20.871148 21.304560 21.498568 21.448213 21.386400 20.908464

Mean power (compensated) (number of cycles of acquisition in the columns and montecarlo iteration rows):
42.209778 41.030022 37.209263 35.706669 40.174115 36.106702 36.319577 39.437795 37.703436 37.409617 37.508083 38.235272
31.409119 41.605891 33.594538 39.353156 39.572875 34.879323 40.150870 39.176315 36.833512 39.753693 36.602100 37.237312
36.956175 41.885253 38.771167 40.022250 33.077305 36.224345 38.048990 37.597183 37.362484 38.296207 38.397745 37.775196
35.170772 36.376181 35.544033 39.246875 42.777850 39.088257 38.731373 37.958065 37.600096 37.596813 37.531420 36.542792
35.642131 32.776300 41.853742 35.845175 43.372330 34.961895 38.661160 37.526335 38.707632 39.248103 38.101582 37.381928
30.538131 41.442066 37.791738 35.423563 35.906532 38.238953 40.195810 37.413908 37.632344 36.483200 36.942918 38.807844
41.049703 38.588141 33.977375 39.323581 35.356795 34.832088 38.338947 38.344865 36.838392 35.764360 38.361915 38.317600
29.851656 38.436481 38.589317 32.429594 41.010967 35.134670 37.463053 38.684992 36.243336 36.571773 38.925480 37.840344
47.376441 36.538800 44.822433 36.696062 31.803213 36.956997 34.901937 37.338830 36.435820 37.937700 37.811017 38.407132
39.293328 36.946044 37.025529 36.335350 39.312465 35.801707 36.733240 35.928300 37.220920 36.983063 37.617870 37.956264

########## STATISTICS ##########:
 
Compensated Mean (in rows the statistic of each acquisition cycle number is given):
36.949723
38.562518
37.917913
37.038227
38.236445
36.222494
37.954496
37.940659
37.257797
37.604453
37.780013
37.850168

 
Not Compensated Mean:
20.731999
20.344573
21.248107
21.135120
21.403495
20.838544
20.970806
21.389756
21.067426
21.275072
20.846626
20.748702

 
Compensated StdDv:
5.345566
2.822559
3.248248
2.280755
3.783149
1.397086
1.575794
0.972876
0.680521
1.185079
0.662337
0.625715

 
Not Compensated StdDv:
2.665930
2.359550
2.348464
1.528804
1.703245
0.593372
0.748427
0.582503
0.422957
0.635142
0.385452
0.461641
