Mean power (not compensated)(acquisition):
2.412237888445705281e+01,2.412237888445801914e+01,2.412237888445755019e+01,2.412237888445816836e+01,2.412237888445764611e+01,2.412237888445764611e+01,2.412237888445769585e+01,2.412237888445779532e+01,2.412237888445801914e+01,2.412237888445794454e+01,2.412237888445801914e+01,2.412237888445794454e+01,2.412237896404589321e+01,2.412237907679537230e+01,2.412237914444503062e+01
2.410555371729731533e+01,2.410555371729669361e+01,2.410555371729681795e+01,2.410555371729731533e+01,2.410555371729716612e+01,2.410555371729716612e+01,2.410555371729711638e+01,2.410555371729709151e+01,2.410555371729719809e+01,2.410555371729711638e+01,2.410555371729724072e+01,2.410555371729722651e+01,2.410555371729721585e+01,2.410555371729710927e+01,2.410555371729710572e+01
2.422675038308352313e+01,2.422675038308148388e+01,2.422675038308153717e+01,2.422675038308165796e+01,2.422675038308173256e+01,2.422675038308158690e+01,2.422675082803259272e+01,2.422675155107751621e+01,2.422675131747819322e+01,2.422675160669634664e+01,2.422675213507566738e+01,2.422675245210316675e+01,2.422675266345471101e+01,2.422675292764427013e+01,2.422675308615799139e+01
2.421128812296986510e+01,2.421128812296883126e+01,2.421128812296837651e+01,2.421128812296911903e+01,2.421128812296852573e+01,2.421128812296852573e+01,2.421128812296852573e+01,2.421128812296837651e+01,2.421128812296828769e+01,2.421128812296832677e+01,2.421128812296833743e+01,2.421128812296831612e+01,2.421128850197506566e+01,2.421128911786094307e+01,2.421128948739253062e+01
2.421881356369555149e+01,2.421881356369336658e+01,2.421881356369356197e+01,2.421881356369368632e+01,2.421881356369376093e+01,2.421881356369435778e+01,2.421881356369445726e+01,2.421881356369420857e+01,2.421881356369411975e+01,2.421881352247888941e+01,2.421881347096014636e+01,2.421881344004878400e+01,2.421881345653481787e+01,2.421881348332474104e+01,2.421881349939851447e+01

Mean power (compensated)(acquisition):
4.917244772811708486e+01,3.649179853354824843e+01,3.525234806886517447e+01,3.380596493144057746e+01,3.183729860598623773e+01,3.658417412336647345e+01,4.019764880647634442e+01,4.361359856744893904e+01,4.216368350667795539e+01,3.918432204790686058e+01,3.760516145510476349e+01,3.489819304874382766e+01,3.642263931495693896e+01,3.648860725992928167e+01,3.579163467647520491e+01
1.923792920652716631e+01,3.322185069592154605e+01,3.448138669310235116e+01,2.440310442992191753e+01,3.027020792856322018e+01,3.679277699337784924e+01,3.630034852941347623e+01,3.888166013190386394e+01,3.832266821264636292e+01,3.921537073465378143e+01,3.849543621683169903e+01,3.603472285465897329e+01,3.612092900585249566e+01,3.644385564740900207e+01,3.697983496344642163e+01
2.252986295148389573e+01,3.162162947498977772e+01,2.176103284319481190e+01,3.374285291911994733e+01,4.317990655875175321e+01,3.990012525617664352e+01,4.079037873099541400e+01,3.939070736374728199e+01,4.205138986788655586e+01,3.962385653218478154e+01,3.782702852646026059e+01,3.729769265317090543e+01,3.625777429343097680e+01,3.641104179785677530e+01,3.617009389883034487e+01
5.113457103794691250e+01,2.207066528829746233e+01,3.572631024864337235e+01,3.404318780529747812e+01,3.024124776755662580e+01,3.507150513034980577e+01,3.572857607719853235e+01,3.593257436109000480e+01,3.752513119416404663e+01,4.064988454021179365e+01,4.123410518985254214e+01,4.077322277063089473e+01,4.205985332469182225e+01,4.095138192330732352e+01,4.012465904667072891e+01
8.865525190786379994e+01,7.536546599953946668e+01,5.435059529738804684e+01,4.197963952192684900e+01,3.612828137053865163e+01,3.528440402899881434e+01,3.136583239926392963e+01,3.824883585282905329e+01,4.107366758790440286e+01,3.847184675665577913e+01,3.749393742436282650e+01,3.682159832333151428e+01,3.809191141357509025e+01,3.921317805372247278e+01,3.989778945677686295e+01

Mean power (corrected):
3.769515637919678142e+01,3.769515637920665085e+01,3.769515637919845119e+01,3.769515637919572271e+01,3.769515637919526796e+01,3.769515637927024443e+01,3.769515637932354224e+01,3.769515637935747066e+01,3.769515637938341257e+01,3.769515637929855956e+01,3.769515637917094608e+01,3.769515637910568273e+01,3.769515645887734934e+01,3.769515657193549885e+01,3.769515663979295539e+01
3.769515838002555341e+01,3.769515838004004848e+01,3.769515838004674890e+01,3.769515838005147401e+01,3.769515838005549568e+01,3.769515838007208686e+01,3.769515838003538732e+01,3.769515837996662100e+01,3.769515837993094465e+01,3.769515838001873220e+01,3.769515838017104414e+01,3.769515838027372467e+01,3.769515838013352038e+01,3.769515837992176444e+01,3.769515837981727202e+01
3.769515606005225550e+01,3.769515606004873121e+01,3.769515606006277864e+01,3.769515606007117015e+01,3.769515606007740161e+01,3.769515606003108843e+01,3.769515650495640102e+01,3.769515722799614110e+01,3.769515699439918421e+01,3.769515728373036723e+01,3.769515781229352314e+01,3.769515812944272426e+01,3.769515834088485917e+01,3.769515860520873929e+01,3.769515876382563135e+01
3.769515485206846961e+01,3.769515485207044492e+01,3.769515485205963046e+01,3.769515485206759564e+01,3.769515485208318495e+01,3.769515485205559457e+01,3.769515485208752636e+01,3.769515485216849271e+01,3.769515485222265028e+01,3.769515485215660533e+01,3.769515485205249661e+01,3.769515485200132332e+01,3.769515523120124811e+01,3.769515584740759806e+01,3.769515621715397202e+01
3.769515423199483450e+01,3.769515423199235471e+01,3.769515423200675031e+01,3.769515423200329707e+01,3.769515423199279525e+01,3.769515423198034654e+01,3.769515423198526349e+01,3.769515423199500503e+01,3.769515423200643056e+01,3.769515419080362051e+01,3.769515413931062398e+01,3.769515410842612368e+01,3.769515412493942108e+01,3.769515415178452855e+01,3.769515416791415419e+01

Final results for non-compensated power:
Mean power for non-compensated: [46.14601257 39.754282   36.31433463 33.59494992 34.33138845 36.72659711
 36.87655691 39.21347526 40.22730807 39.42905612 38.53113376 37.16508593
 37.79062147 37.90161294 37.79280241]
Std of power for non-compensated: [24.99139023 18.44084174 10.41094211  5.56884841  4.9186994   1.72714767
  3.41659519  2.49789662  1.93507424  0.71416738  1.39544215  1.97842077
  2.25059925  1.86358459  1.85295964]

Final results for compensated power:
Mean power for compensated: [24.17695693 24.17695693 24.17695693 24.17695693 24.17695693 24.17695693
 24.17695702 24.17695717 24.17695712 24.17695717 24.17695727 24.17695732
 24.17695746 24.17695766 24.17695779]
Std of power for compensated: [0.05193684 0.05193684 0.05193684 0.05193684 0.05193684 0.05193684
 0.05193693 0.05193707 0.05193702 0.05193707 0.05193716 0.05193722
 0.0519373  0.05193741 0.05193748]

Final results for corrected power:
Mean power for corrected: [37.69515598 37.69515598 37.69515598 37.69515598 37.69515598 37.69515598
 37.69515607 37.69515621 37.69515617 37.69515622 37.69515631 37.69515637
 37.69515651 37.69515671 37.69515683]
Std of power for corrected: [1.43203620e-06 1.43204187e-06 1.43204200e-06 1.43204311e-06
 1.43204461e-06 1.43206122e-06 1.44794614e-06 1.51854345e-06
 1.48993942e-06 1.53695632e-06 1.63613863e-06 1.70622146e-06
 1.68380245e-06 1.65457190e-06 1.65166623e-06]
