Mean power (not compensated)(acquisition):
2.415511816873550544e+01,2.415511816873438633e+01,2.415511816873500806e+01,2.415511816873475937e+01,2.415511816873490858e+01,2.415511816873565465e+01,2.415511816873570439e+01,2.415511816873580386e+01,2.415511816873583228e+01,2.415511799107487079e+01,2.415511770237583633e+01,2.415511752915653432e+01,2.415511761354545683e+01,2.415511775234309866e+01,2.415511783562164183e+01
2.415595929008275178e+01,2.415595929008208742e+01,2.415595929008275178e+01,2.415595929008312481e+01,2.415595929008319942e+01,2.415595929008319942e+01,2.415595929008359732e+01,2.415595929008357245e+01,2.415595929008376430e+01,2.415595929008354759e+01,2.415595929008360798e+01,2.415595929008355824e+01,2.415595929008362219e+01,2.415595929008360798e+01,2.415595929008355824e+01

Mean power (compensated)(acquisition):
1.247448989663350716e+01,3.739237430078376434e+01,2.724888461831855935e+01,3.286824268296778939e+01,3.587124340339845929e+01,4.285518077886767685e+01,4.009689197734484623e+01,3.664003561078072124e+01,3.848470316595371088e+01,3.730240003854706288e+01,3.803887256679576012e+01,3.991229649709716654e+01,4.008635927306981017e+01,3.727399015568968821e+01,3.827825595403606940e+01
3.027387981515543203e+01,3.244895248371535246e+01,2.909156499898523762e+01,3.268709382711653433e+01,3.243411022815308797e+01,3.934637871744616433e+01,4.082674576803499633e+01,4.063482241303649545e+01,3.990766457763551500e+01,3.594707337423010074e+01,3.536935818679158672e+01,3.731660551113010627e+01,3.704466622424627786e+01,3.754845056386151469e+01,3.809431227644093809e+01

Mean power (corrected):
3.769328313824955501e+01,3.769328313825140953e+01,3.769328313824075849e+01,3.769328313824862420e+01,3.769328313826400034e+01,3.769328313823704946e+01,3.769328313821804244e+01,3.769328313821569765e+01,3.769328313821983301e+01,3.769328295291438025e+01,3.769328265179273529e+01,3.769328247113097063e+01,3.769328255929396931e+01,3.769328270428461281e+01,3.769328279130117920e+01
3.769317816718562142e+01,3.769317816718859149e+01,3.769317816719141234e+01,3.769317816720599978e+01,3.769317816722541892e+01,3.769317816727276949e+01,3.769317816724699810e+01,3.769317816718451297e+01,3.769317816715257408e+01,3.769317816713570579e+01,3.769317816712500502e+01,3.769317816712980829e+01,3.769317816714219305e+01,3.769317816717870073e+01,3.769317816722278991e+01

Final results for non-compensated power:
Mean power for non-compensated: [21.37418486 34.92066339 28.17022481 32.77766826 34.15267682 41.10077975
 40.46181887 38.63742901 39.19618387 36.62473671 36.70411538 38.614451
 38.56551275 37.41122036 38.18628412]
Std of power for non-compensated: [8.89969496 2.47171091 0.92134019 0.09057443 1.71856659 1.75440103
 0.3649269  1.9973934  0.71148071 0.67766333 1.33475719 1.29784549
 1.52084652 0.1372302  0.09197184]

Final results for compensated power:
Mean power for compensated: [24.15553873 24.15553873 24.15553873 24.15553873 24.15553873 24.15553873
 24.15553873 24.15553873 24.15553873 24.15553864 24.1555385  24.15553841
 24.15553845 24.15553852 24.15553856]
Std of power for compensated: [0.00042056 0.00042056 0.00042056 0.00042056 0.00042056 0.00042056
 0.00042056 0.00042056 0.00042056 0.00042065 0.00042079 0.00042088
 0.00042084 0.00042077 0.00042073]

Final results for corrected power:
Mean power for corrected: [37.69323065 37.69323065 37.69323065 37.69323065 37.69323065 37.69323065
 37.69323065 37.69323065 37.69323065 37.69323056 37.69323041 37.69323032
 37.69323036 37.69323044 37.69323048]
Std of power for corrected: [5.24855320e-05 5.24855314e-05 5.24855247e-05 5.24855213e-05
 5.24855193e-05 5.24854821e-05 5.24854855e-05 5.24855156e-05
 5.24855336e-05 5.23928893e-05 5.22423339e-05 5.21520006e-05
 5.21960759e-05 5.22685530e-05 5.23120392e-05]
